200
1 23 21 12
2 23 41 21
3 24 41 23
4 24 50 41
5 25 50 24
6 25 59 50
7 26 59 25
8 26 68 59
9 27 68 26
10 27 77 68
11 28 77 27
12 28 86 77
13 29 86 28
14 29 95 86
15 30 95 29
16 30 104 95
17 31 104 30
18 31 113 104
19 22 113 31
20 22 32 113
21 41 20 21
22 41 42 20
23 50 42 41
24 50 51 42
25 59 51 50
26 59 60 51
27 68 60 59
28 68 69 60
29 77 69 68
30 77 78 69
31 86 78 77
32 86 87 78
33 95 87 86
34 95 96 87
35 104 96 95
36 104 105 96
37 113 105 104
38 113 114 105
39 32 114 113
40 32 33 114
41 42 19 20
42 42 43 19
43 51 43 42
44 51 52 43
45 60 52 51
46 60 61 52
47 69 61 60
48 69 70 61
49 78 70 69
50 78 79 70
51 87 79 78
52 87 88 79
53 96 88 87
54 96 97 88
55 105 97 96
56 105 106 97
57 114 106 105
58 114 115 106
59 33 115 114
60 33 34 115
61 43 18 19
62 43 44 18
63 52 44 43
64 52 53 44
65 61 53 52
66 61 62 53
67 70 62 61
68 70 71 62
69 79 71 70
70 79 80 71
71 88 80 79
72 88 89 80
73 97 89 88
74 97 98 89
75 106 98 97
76 106 107 98
77 115 107 106
78 115 116 107
79 34 116 115
80 34 35 116
81 44 17 18
82 44 45 17
83 53 45 44
84 53 54 45
85 62 54 53
86 62 63 54
87 71 63 62
88 71 72 63
89 80 72 71
90 80 81 72
91 89 81 80
92 89 90 81
93 98 90 89
94 98 99 90
95 107 99 98
96 107 108 99
97 116 108 107
98 116 117 108
99 35 117 116
100 35 36 117
101 45 16 17
102 45 46 16
103 54 46 45
104 54 55 46
105 63 55 54
106 63 64 55
107 72 64 63
108 72 73 64
109 81 73 72
110 81 82 73
111 90 82 81
112 90 91 82
113 99 91 90
114 99 100 91
115 108 100 99
116 108 109 100
117 117 109 108
118 117 118 109
119 36 118 117
120 36 37 118
121 46 15 16
122 46 47 15
123 55 47 46
124 55 56 47
125 64 56 55
126 64 65 56
127 73 65 64
128 73 74 65
129 82 74 73
130 82 83 74
131 91 83 82
132 91 92 83
133 100 92 91
134 100 101 92
135 109 101 100
136 109 110 101
137 118 110 109
138 118 119 110
139 37 119 118
140 37 38 119
141 47 14 15
142 47 48 14
143 56 48 47
144 56 57 48
145 65 57 56
146 65 66 57
147 74 66 65
148 74 75 66
149 83 75 74
150 83 84 75
151 92 84 83
152 92 93 84
153 101 93 92
154 101 102 93
155 110 102 101
156 110 111 102
157 119 111 110
158 119 120 111
159 38 120 119
160 38 39 120
161 48 13 14
162 48 49 13
163 57 49 48
164 57 58 49
165 66 58 57
166 66 67 58
167 75 67 66
168 75 76 67
169 84 76 75
170 84 85 76
171 93 85 84
172 93 94 85
173 102 94 93
174 102 103 94
175 111 103 102
176 111 112 103
177 120 112 111
178 120 121 112
179 39 121 120
180 39 40 121
181 49 2 13
182 49 11 2
183 58 11 49
184 58 10 11
185 67 10 58
186 67 9 10
187 76 9 67
188 76 8 9
189 85 8 76
190 85 7 8
191 94 7 85
192 94 6 7
193 103 6 94
194 103 5 6
195 112 5 103
196 112 4 5
197 121 4 112
198 121 3 4
199 40 3 121
200 40 1 3
121
1 0.0000 0.0000
2 0.60000 0.0000
3 0.60000E-001 0.0000
4 0.12000 0.0000
5 0.18000 0.0000
6 0.24000 0.0000
7 0.30000 0.0000
8 0.36000 0.0000
9 0.42000 0.0000
10 0.48000 0.0000
11 0.54000 0.0000
12 0.60000 0.40000
13 0.60000 0.40000E-001
14 0.60000 0.80000E-001
15 0.60000 0.12000
16 0.60000 0.16000
17 0.60000 0.20000
18 0.60000 0.24000
19 0.60000 0.28000
20 0.60000 0.32000
21 0.60000 0.36000
22 0.0000 0.40000
23 0.54000 0.40000
24 0.48000 0.40000
25 0.42000 0.40000
26 0.36000 0.40000
27 0.30000 0.40000
28 0.24000 0.40000
29 0.18000 0.40000
30 0.12000 0.40000
31 0.60000E-001 0.40000
32 0.0000 0.36000
33 0.0000 0.32000
34 0.0000 0.28000
35 0.0000 0.24000
36 0.0000 0.20000
37 0.0000 0.16000
38 0.0000 0.12000
39 0.0000 0.80000E-001
40 0.0000 0.40000E-001
41 0.54000 0.36000
42 0.54000 0.32000
43 0.54000 0.28000
44 0.54000 0.24000
45 0.54000 0.20000
46 0.54000 0.16000
47 0.54000 0.12000
48 0.54000 0.80000E-001
49 0.54000 0.40000E-001
50 0.48000 0.36000
51 0.48000 0.32000
52 0.48000 0.28000
53 0.48000 0.24000
54 0.48000 0.20000
55 0.48000 0.16000
56 0.48000 0.12000
57 0.48000 0.80000E-001
58 0.48000 0.40000E-001
59 0.42000 0.36000
60 0.42000 0.32000
61 0.42000 0.28000
62 0.42000 0.24000
63 0.42000 0.20000
64 0.42000 0.16000
65 0.42000 0.12000
66 0.42000 0.80000E-001
67 0.42000 0.40000E-001
68 0.36000 0.36000
69 0.36000 0.32000
70 0.36000 0.28000
71 0.36000 0.24000
72 0.36000 0.20000
73 0.36000 0.16000
74 0.36000 0.12000
75 0.36000 0.80000E-001
76 0.36000 0.40000E-001
77 0.30000 0.36000
78 0.30000 0.32000
79 0.30000 0.28000
80 0.30000 0.24000
81 0.30000 0.20000
82 0.30000 0.16000
83 0.30000 0.12000
84 0.30000 0.80000E-001
85 0.30000 0.40000E-001
86 0.24000 0.36000
87 0.24000 0.32000
88 0.24000 0.28000
89 0.24000 0.24000
90 0.24000 0.20000
91 0.24000 0.16000
92 0.24000 0.12000
93 0.24000 0.80000E-001
94 0.24000 0.40000E-001
95 0.18000 0.36000
96 0.18000 0.32000
97 0.18000 0.28000
98 0.18000 0.24000
99 0.18000 0.20000
100 0.18000 0.16000
101 0.18000 0.12000
102 0.18000 0.80000E-001
103 0.18000 0.40000E-001
104 0.12000 0.36000
105 0.12000 0.32000
106 0.12000 0.28000
107 0.12000 0.24000
108 0.12000 0.20000
109 0.12000 0.16000
110 0.12000 0.12000
111 0.12000 0.80000E-001
112 0.12000 0.40000E-001
113 0.60000E-001 0.36000
114 0.60000E-001 0.32000
115 0.60000E-001 0.28000
116 0.60000E-001 0.24000
117 0.60000E-001 0.20000
118 0.60000E-001 0.16000
119 0.60000E-001 0.12000
120 0.60000E-001 0.80000E-001
121 0.60000E-001 0.40000E-001